3.879319284515099134e+06
1.249548165607227013e+06
5.361413608567947522e+06
2.271601479125598911e+06
1.017992545850706985e+06
1.189836395670082653e+06
9.060474074023867724e+05
3.817030989668929018e+06
1.568379259155192412e+06
3.052369592908599414e+06
1.379227609675875865e+05
1.119018699195342604e+06
5.962539677969038486e+06
2.676414041397601832e+06
6.352290625181248412e+06
3.871769541313878261e+06
1.047000444307485363e+06
1.675615799674064387e+06
2.415644586123766843e+06
1.266898609513820382e+06
1.160602146878852509e+06
2.192798641162732616e+06
2.451870212732629851e+06
1.386003196217521909e+05
6.298731735006513773e+05
1.630487667882060399e+06
2.878829455382907763e+06
1.193638505866141524e+06
2.343136905766259413e+06
3.403057731465240009e+06
4.066130033595471643e+06
2.838935592338406481e+06
2.948728804549970198e+06
-1.126960872955590952e+06
5.055865562344731879e+05
9.501191930879637366e+05
1.238636795111252228e+06
8.949450539766879519e+05
4.301532430755180394e+04
4.914752932182215154e+06
1.258964122676165309e+06
1.160987210276869591e+06
5.128735054579503834e+06
1.487682160042643780e+06
9.627544245689654490e+05
3.502747138736833353e+06
1.902365642519518035e+06
5.865450641179285944e+06
3.319906026905261446e+06
3.200818231987921987e+06
2.265015961143204942e+06
2.354868802202755760e+05
5.039891910446038470e+06
3.815862582413195167e+06
4.257466466909053852e+05
2.994588606456274865e+05
5.942390688744870946e+06
1.365313227513308637e+07
3.193613196675515734e+06
5.705863733187075704e+06
2.461857710007481277e+06
4.634991014165392844e+05
6.413684742269996786e+05
3.900647971157276537e+06
4.517836375242304057e+06
3.861937406300904695e+06
3.066169502080722712e+06
8.980480801575499354e+05
-2.429838231612084201e+05
-9.952606862746351399e+05
-9.759531618808381609e+04
3.291724043854404008e+05
4.777525308712285012e+06
2.746930574524019379e+06
4.091362821548682638e+06
3.729000899510491639e+06
9.210261377825769596e+05
2.488489271670817398e+06
4.928797531909164041e+06
6.811755669691055082e+05
3.435450083551186253e+03
4.329968920543010463e+05
4.705043490337301046e+06
9.281845982039541705e+05
1.250710891934131272e+06
6.622591215629897779e+05
1.935652064187167212e+06
-5.304552649190189550e+04
1.024866950768986833e+06
6.486372752090105787e+06
1.223676746592060663e+06
-1.331302363597251242e+06
2.411766346751192585e+06
2.662390290679817554e+06
1.603953753490379313e+06
-2.486125071403442416e+06
1.283463546834368957e+06
1.845105296882275958e+06
2.816568992807387840e+06
1.941902392548736883e+06
2.905774540916990954e+06
3.245314415521893185e+06
5.146767463813940063e+06
8.575213212839991320e+05
7.276459618108182913e+05
-6.901784472900647670e+05
6.787315310466557276e+05
7.186086111515000230e+05
4.872497057175448164e+06
5.673273204165568575e+06
2.637447938825825695e+06
4.676610086489219218e+06
6.424257095963618485e+05
6.856318904406374320e+06
3.833573387264026795e+06
4.050307462129689520e+04
2.373020307069113478e+06
2.159051913199191447e+06
6.524442265388994711e+05
2.591858158285762183e+06
9.130749316015092190e+05
1.237811239590076264e+06
6.962623433327924460e+06
6.341346829839922721e+05
1.750833405018077232e+06
1.955306788374232827e+06
3.097212453152820934e+06
1.462941495101748267e+06
1.112457651384344324e+06
1.591285076823455747e+06
2.262965434994637500e+06
4.945421323981207679e+05
1.713134101819837932e+06
2.491438466306824237e+06
9.751905835160283605e+05
-2.238690516532709007e+05
4.218112075266078115e+06
3.322087599676348269e+06
9.196116356820602668e+05
4.384930142357394099e+06
1.095931368138689548e+06
1.049530875861237757e+06
1.549038555508672260e+06
1.738882173281460302e+06
1.154919268262351397e+06
-4.454491663228364196e+05
5.321126896538536530e+05
3.006457472057354753e+05
3.842518080471094232e+06
8.527149230914408108e+05
3.682094244891025592e+06
1.049452240006272681e+06
3.377206676445666235e+06
2.121418727954155765e+06
3.055640144014386460e+06
1.250251096661205404e+06
2.072561472214311361e+05
2.617995112676862627e+06
2.769042156509644818e+06
7.967091234323983081e+05
3.760735331362724304e+06
6.991490996317329118e+05
3.768699598874736112e+06
4.765495773103453219e+06
1.497286937756095082e+06
8.905756157451379113e+05
1.186859741079980507e+06
9.198332001595448237e+05
3.056039006444765721e+06
3.826973719052961096e+06
3.353257725116635556e+05
2.534345474661722779e+06
8.025813473841355881e+05
1.446838164243568201e+06
1.807020025772204099e+05
2.520617481452440377e+06
7.755082167953971773e+06
1.334211405115312431e+06
-6.156524916218530852e+05
4.467529027799919248e+06
2.625028729038829915e+06
6.066807200005366467e+05
1.343896921500619035e+06
5.075196810455789673e+05
2.150396211949081626e+06
1.569623326718963217e+06
7.640724746681569377e+05
3.896990676473197527e+06
1.376944945174679160e+06
1.629176234979165019e+06
1.567840222671923460e+06
2.365208442210327368e+06
5.625220495538117830e+05
1.055842920502332970e+06
2.719994346383267082e+06
2.406914949168206658e+06
1.492648518994469894e+06
7.095790798515717033e+05
1.895193648110168055e+06
4.825610993076190935e+05
1.768682111813953612e+06
5.561196692177738994e+06
7.422140116381908301e+05
4.502097892882814631e+06
1.449902214263136964e+06
3.361766109970415477e+06
2.319736668754179496e+06
5.675110229398827069e+05
1.025030119658115087e+06
5.631829327695373446e+06
-2.601484825122996699e+06
1.763667751721588895e+06
1.026937873089455534e+06
4.636981662790046539e+05
-6.960175272571059759e+04
2.048336896454556845e+05
1.985113246178007219e+06
4.585804887351216748e+05
3.950580936182491947e+06
5.095468829116121051e+05
1.010187334952881001e+07
3.153385266115450766e+06
8.762910333717783913e+06
1.189302965409512632e+06
4.297940097944904119e+06
3.830243180105448235e+06
1.232219797804238508e+06
1.161168989662001841e+06
2.346052157937558834e+06
2.689607406271561049e+05
2.814482960935902782e+06
8.214264889973754762e+05
3.256624193966372404e+06
1.766457463226073189e+06
1.377627137823158409e+06
2.164895224721810315e+06
5.732120853959145024e+05
2.344164016260134522e+06
7.967264917793468339e+05
6.930568183548110537e+05
7.878105543753436068e+05
5.158750800953553990e+06
5.780307355215268210e+06
5.769188879097033059e+05
7.300823780293922173e+05
1.081672695881806430e+04
1.844859016194702592e+06
1.790856249455032172e+06
1.846343720920597669e+06
4.509069735628837720e+06
1.480367084695679368e+06
2.804790393706609961e+06
6.262015032902115490e+05
-1.728999335913734394e+05
4.508710800346227363e+06
5.335615738743335241e+05
4.266814825492748059e+06
1.070472229481863091e+06
9.517220558197379578e+05
2.997761098809660878e+06
1.914344212434668560e+06
2.179309244156718720e+06
